1955555360661799316
1956994478767776096
1964654391505690699
1967012663135006735
1968883937377181810
1968964945111908788
1969736569591631924
1971370731071209784
1971925862430986320
1972094074560958881
1972287000553337309
1972649064845255128
1972876923752907115
1972876934448349650
1974271931731112116
1979032872141930562
1979032883110027395
1979058475448602951
1979732530535477581
1980992197958008949
1983311103691239696
1984679511796171286
1984822754592637157
1985263081384300899
1985677238604611831
1986637130626646514
1987359157218123908
1987413152666165526
1987414059315306624
1987518758152450411
1989288980014403911
1989490693791007074
1989889405604303346
1989889415532208592
1990625368139837525
1992573991924765031
1992577217562542153
1992618006288159227
1992899690589786173
1995001203248566667
1995001213730132475
1995114344770662652
1995981623435960515
1996202959278075909
1996809539103121724
1996915118521905175
1997273189945311381
1997340343654891877
1997958596752277769
1998722925449588985
1999308021227487409
1999427092229030093
1999443255373799755
1999650461742432409
1999676051069501599
1999694149805834416
1999829743575929120
2000071744540045633
2001227851476218141
2001895745449025554
2002699256902386168
2003585841889968228
2003585850060501234
2004562111658418456
2004803709017162127
2005152566410445005
2005895922568540486
2006191878291538024
2006511881373278434
2006649216631030101
2007065887162216642
2007139325063176444
2007439402864140357
2007442448205918612
2007465434698620988
2007465445469696138
2007465457868255661
2007465469050290189
2008864045932425713
2008864055826719100
2009240807296074190
2009637531864985954
2010398892660261336
2010398902701408338
2010626995928092814
2011437619444609368
2012109592340345245
2012156597049684239
2012321856850899130
2012365328018182391
2012847746676392409
2012883256417358120
2013751398920224847
2014645567914422458
2014901787992723830
2014906284903149728
2015729974742024398
2016289665071153633
2016514435498836112
2017214486210592775
2017542125177667849
2017749478078615735
2017752917554733468
2017756924482359308
2017787575717794082
2017852143047479544
2017861512791265484
2018298186457317600
2018455111601930425
2018563639926722580
2018662555569508690
2018775407047389187
2019256570966929662
2019332255651622978
2019724875355869462
2019731760821751970
2019821530600075743
2019822952611737840
2020833848427462677
2020833857642409998
2021181910278349104
2021181924669108539
2021402327824073221
2021420234171875635
2022330073622426073
2022540536503243038
2022559885897113834
2022670092295958576
2023026239230144819
2023248737091686760
2023345243048042818
2023389596546138362
2024848782761013575
2025370259495288964
2025572727906861271
2025583041687761013
2025818615354933694
2026145076360122454
2026268955174895730
2026448969250042108
2026632234808348764
2027574169802838438
2027581276195328329
2027609423141867790
2027614503748440573
2027684894365913162
2027698821695000792
2027760112195309988
2027767765340471805
2027975354569371781
2027991479797616866
2028035850588799281
2028432222429315156
2028663667601105286
2028827684437213266
2029807989163741695
2029958669186843033
2030059130942353567
2030335335981535700
2030648874084577523
2030971794136698895
2030976569192382607
2031365211438084439
2031868645060854153
2031931000847274032
2032564561963086027
2032746837233512815
2032814881112772797
2032845446432145695
2033092836657390039
2033092846975332412
2033173553793892433
2033411334159905237
2033413018349084703
2033663637601272291
2033740037687505191
2033829099513450738
2033906963583799440
2034245416230023242
2034246849012625513
2034654186537935323
2034953256708055287
2034973059954933767
2035425212238635113
2035425222896267682
2035548021052891159
2036037129906933822
2036074826570633506
2036074835630277016
2036292994018713740
2036295246347411693
2036678981798506746
2036687752801214927
2036788449873891333
2036798791450542295
2037141419861925975
2037494155090567227
2037875479966105713
2037876381963722798
2037876634058199106
2037877075311562998
2037877543785914619
2037877832005906852
2037878228367577335
2037878896608284793
2037879217141285195
2037879848497242579
2037884095339119001
2037884789718737331
2037888045836648533
2037888900149158009
2037889453944193347
2037890200345743369
2037892965537058870
2037893886857871763
2037895449651400967
2037896463922119163
2037896851647848650
2037899010082771325
2037899226441801784
2037899541173993856
2037900076115517617
2037900681911402752
2037901232753516953
2037903873948684393
2037905302415343644
2037913690859790833
2037914246735188379
2037914945447477303
2037965025848238399
2037965220078104827
2037965499032887385
2037966127150862801
2038015730541862919
2038134035281756624
2038195175726731634
2038247453087109439
2038449836148879695
2038476460810436860
2038925314173321574
2038927918458638373
2039106033675841542
2039320067616510109
2039629064647119127
2039667230900985982
2040058002519269593
2040298560374403557
2040304993635570010
2040654143782879436
2042598437292769781
2043044832881545397
2043103860479398264
2043200460048544086
2043200467552157744
2044028552568549741
2044561948277412156
2045860680562245680
2045863117830361143
2046539028594598131
2046950661091426458
2047671147270172881
2047671157890134426
2048061656169927162
2048188704578277669
2048319874104230017
2048756199487848627
2048764888554910131
2049408435486351578
2050558156900880680
2050572896385519833
2050777673366929457
2050793474027581859
2050881395933995386
2051168263267311848
2051273698515263525
2051900699777376529
2051996034310844552
2051997677982974210
2052315638929187296
2052373080861987254
2053172216360247744
2053340748343660978
2053377341221708108
2053458228839928057
2054698844190036328
2055043819570389297
2055048763413254575
2055524562796998926
2055550377060454854
2055717376512131149
2057241848792649855
2057393302455165235
2058198845365051469
2058198856886878318
2058203092039135297
2058203100197134509
2058384025451147316
2058511946186678400
2058669096439615493
2060340208126837090
2060997709885264132
2062019772855070770
2062836765669695930
2063472810471858423
2063621164644360609
2063967391667957832
2064304378245439550
2065683518571897225
2065684290743210038
2070130494755484119
2070861838343111008
2070861890717352153
2070864531149271218
2073391239421198750
2073410599531516141
2076196013526933848
2076210583331090725
2079860829693055406
2081254600058016186
2081255975525519490
2081326875771875704
2082261606894010560
2082461072670486981
2083142313518543244
2083910472383012925
